%One area 40 bust test system

% A matrix to indicate which nodes are connected to each other.
%         line nmuer   node  node     rectance
Thematrix=[1           1       2      0.06           130 0.9783 0.0217
2 1 3 0.19 130 0.9841 0.0159
3 2 4 0.17 65 0.9532 0.0468
4 3 4 0.04 130 0.9172 0.0828
5 2 5 0.20 130 0.9786 0.0214
6 2 6 0.18 65 0.9497 0.0503
7 4 6 0.04 90 0.9828 0.0172
8 5 7 0.12 70 0.9760 0.0240
9 6 7 0.08 130 0.9211 0.0789
10 6 8 0.04 32 0.9494 0.0506
11 6 9 0.21 65 0.9494 0.0506
12 6 10 0.56 32 0.9211 0.0789
13 9 11 0.21 65 0.9535 0.0465
14 9 10 0.11 65 0.9509 0.0491
15 4 12 0.26 65 0.9660 0.0340
16 12 13 0.14 65 0.9838 0.0162
17 12 14 0.26 32 0.9754 0.0246
18 12 15 0.13 32 0.9598 0.0402
19 12 16 0.20 32 0.9510 0.0490
20 14 15 0.20 16 0.9494 0.0506
21 16 17 0.19 16 0.9494 0.0506
22 15 18 0.22 16 0.9236 0.0764
23 18 19 0.13 16 0.9514 0.0486
24 19 20 0.07 32 0.9509 0.0491
25 10 20 0.21 32 0.9666 0.0334
26 10 17 0.08 32 0.9824 0.0176
27 10 21 0.07 32 0.9786 0.0214
28 10 22 0.15 32 0.9612 0.0388
29 21 22 0.02 32 0.9462 0.0538
30 15 23 0.20 16 0.9498 0.0502
31 22 24 0.18 16 0.9506 0.0494
32 23 24 0.27 16 0.9181 0.0819
33 24 25 0.33 16 0.9483 0.0517
34 25 26 0.38 16 0.9537 0.0463
35 25 27 0.21 16 0.9733 0.0267
36 27 28 0.40 65 0.9818 0.0182
37 27 29 0.42 16 0.9808 0.0192
38 27 30 0.60 16 0.9564 0.0436
39 29 30 0.45 16 0.9537 0.0463
40 8 28 0.20 32 0.9537 0.0463
41 6 28 0.06 32 0.9536 0.0464
42 15 31  .2  17    0.9537 0.0463
43  27 33  .09 17  0.9537 0.0463
44  31 34  .4  17 0.9537 0.0463
45  31 35  0.3  17 0.9537 0.0463
46  10 32  0.21  17  0.9537 0.0463
47  30 31  .3 17 1 .03
48  31 36  .2 17 1 .03
49  13 34  .4 17 1 .03
50  33 37  .33 17 1 .03
51  33 38  .08 17 1 .03
52  29 38  .15 17 1 .03
53  29 39  .38 17 1 .04
54  6 40   .07 17 1 .03
55 8 42     .17 17 1 .03
56 28 41     .27 17 1 .03
57 41 50      .9 17 1 .03
58 41 46     .1 17 1 .03
59 41 49  .14 17 1 .03
60 44 45  .12 17 1 .03
61 45 46  .17 17 1 .03
62 45 47   .27 17 1 .03
63 45 48   .3 17 1 .03
64 45 49   .17 17 1 .03
65 42 45   .14 17 1 .03
66 42 43    .19 17 1 .03
];
%%%%
%hourly energy bid matrix for 24 hoours, the first coloumn shows the busses
%gerators connected to.
heb=[1 1.9 1.4 1.9 2.6 1.6 1.0 1.9 1.6 2.2 2.1 1.8 1.9 1.8 0.8 1.3 2.1 1.9 2.3 2.2 1.8 2.4 1.4 2.2 1.0
5 1.4 1.4 1.3 1.4 1.8 2.1 2.2 2.2 2.1 1.9 1.1 1.6 1.3 2.1 1.7 1.4 1.3 2.2 2.4 1.3 2.2 2.1 1.9 1.3
8 1.0 0.8 1.3 1.9 1.4 1.0 2.1 2.2 1.4 1.0 1.6 1.8 1.8 1.9 2.1 2.3 1.4 2.2 1.9 2.3 1.6 2.2 2.4 2.2
13 2.2 1.6 2.2 1.1 2.4 2.6 1.7 2.2 1.1 1.1 2.1 2.1 2.4 1.1 2.3 1.8 1.7 1.8 1.9 1.1 1.8 1.9 2.1 1.1
21 1.3 2.1 2.1 1.8 1.4 1.1 1.4 1.4 1.6 1.4 1.9 1.6 1.9 1.3 1.0 0.9 2.2 1.4 1.7 2.6 2.1 2.1 1.1 1.9
23 1.8 1.4 1.1 1.0 1.3 1.4 1.3 1.8 1.4 1.3 1.4 1.4 1.4 2.6 1.4 1.9 1.9 2.0 1.8 1.4 2.1 1.6 1.7 1.6
27 1.9 1.6 1.6 2.4 2.2 1.9 2.7 1.3 2.2 2.1 1.3 2.2 1.3 1.7 1.9 2.1 2.1 1.8 1.4 2.4 1.4 1.9 1.3 1.0
28 1.1 1.8 1.8 1.4 1.3 1.6 1.3 1.3 1.5 2.2 2.6 1.8 1.1 1.4 1.1 1.6 1.7 1.6 2.2 1.7 1.9 1.1 1.6 1.8
35 .4  .6  .8  .5  .3  .3  .2   .1 .4  .7   1  .5  .4  .5  .3  0.5  .7 .4  .6  1   .9  92  .5 .5
39 .4/4  .6/4  .8/4  .5/4  .3/4  .3/4  .2/4   .1/4 .4/4  .7/4   1/4  .5/4  .4/4  .5/4  .3/4  0.5/4  .7/4 .4/4  .6/4  1/4   .9/4  .92/4  .5/4 .5/4
40 .4/4  .6/4  .8/4  .5/4  .3/4  .3/4  .2/4   .1/4 .4/4  .7/4   1/4  .5/4  .4/4  .5/4  .3/4  0.5/4  .7/4 .4/4  .6/4  1/4   .9/4  .92/4  .5/4 .5/4

44 .4/4  .7/4  .9/4  .6/4  .4/4  .35/4  .25/4   .15/4 .4/4  .73/4   .15/4  .52/4  .44/4  .52/4  .36/4  0.58/4  .78/4 .44/4  .61/4  1/4   1/4  .92/4  .5/4 .5/4
49 .4/4  .7/4  .9/4  .6/4  .4/4  .35/4  .25/4   .15/4 .4/4  .73/4   .15/4  .52/4  .44/4  .52/4  .36/4  0.58/4  .78/4 .44/4  .61/4  1/4   1/4  .92/4  .5/4 .5/4
];
%%hourly price bid of generator
hpb=[1 40.2 37.9 35.2 34.7 39.2 43.3 50.0 51.3 51.8 43.6 42.0 42.9 39.0 40.8 41.2 42.7 50.1 57.9 66.1 67.1 61.6 59.2 49.4 44.7
5 38.3 41.2 36.2 34.0 36.2 45.6 57.2 48.6 50.5 42.7 40.9 46.0 40.2 43.1 42.4 44.3 46.0 51.4 57.2 69.8 67.8 54.8 54.9 45.1
8 42.1 38.4 37.1 34.3 37.8 40.8 53.1 57.6 51.3 43.0 40.1 42.4 41.8 42.6 39.9 41.8 47.6 56.1 59.8 68.9 66.0 56.9 50.3 48.2
13 44.0 35.1 34.3 36.9 34.9 41.2 52.5 60.1 49.2 44.7 44.9 40.0 43.6 41.3 44.3 45.2 48.9 53.1 63.9 70.3 65.2 58.8 50.8 46.1
21 41.4 37.0 34.8 36.0 34.2 38.5 51.3 58.0 48.1 44.0 42.5 41.8 40.6 41.7 41.9 44.9 44.8 57.2 62.1 65.2 64.0 60.4 52.1 44.0
23 37.6 40.6 35.7 35.1 34.5 41.9 48.2 57.0 47.0 45.2 42.9 43.4 41.1 40.0 43.0 43.2 46.4 54.0 63.0 71.4 66.7 58.1 53.7 46.7
27 44.7 38.9 38.0 37.8 36.7 44.1 45.3 61.2 47.8 45.8 41.6 40.6 42.3 38.7 39.4 46.5 48.1 55.2 61.6 68.0 62.9 57.5 52.6 45.4
28 39.5 35.9 36.8 35.6 35.3 43.0 55.4 54.2 48.7 47.1 44.1 41.1 39.3 39.2 40.7 43.9 47.0 54.8 61.0 75.1 64.8 56.0 53.0 43.3
35 0     0    0    0    0    0    0    0    0     0   0    0    0    0     0    0   0     0    0    0    0    0    0   0
39 0     0    0    0    0    0    0    0    0     0   0    0    0    0     0    0   0     0    0    0    0    0    0   0
40 0     0    0    0    0    0    0    0    0     0   0    0    0    0     0    0   0     0    0    0    0    0    0   0
44 0     0    0    0    0    0    0    0    0     0   0    0    0    0     0    0   0     0    0    0    0    0    0   0
49 0     0    0    0    0    0    0    0    0     0   0    0    0    0     0    0   0     0    0    0    0    0    0   0
];
%%hourly energy bid of demand
